-1.0	0.0	0.0	0.3 
-1.0	0.0	0.3	0.4 
-1.0	0.0	0.4	30.0 
0.0	0.6	0.0	0.3 
0.0	0.6	0.3	0.4 
0.0	0.6	0.4	0.5 
0.0	0.6	0.5	0.6 
0.0	0.6	0.6	30.0
0.6	0.7	0.0	0.3
0.6	0.7	0.3	0.4
0.6	0.7	0.4	0.5
0.6	0.7	0.5	0.6
0.6	0.7	0.6	0.7
0.6	0.7	0.7	0.8
0.6	0.7	0.8	30.0
0.7	0.8	0.0	0.3
0.7	0.8	0.3	0.4
0.7	0.8	0.4	0.5
0.7	0.8	0.5	0.6
0.7	0.8	0.6	0.7
0.7	0.8	0.7	0.8
0.7     0.8     0.8     30.0 
0.8	0.85	0.0	0.3
0.8	0.85	0.3	0.4
0.8	0.85	0.4	0.5
0.8	0.85	0.5	0.6
0.8	0.85	0.6	0.7
0.8	0.85	0.7	0.8
0.8	0.85	0.8	1.0 
0.8	0.85	1.0	30.0
0.85	0.9	0.0	0.3
0.85	0.9	0.3	0.4
0.85	0.9	0.4	0.5
0.85	0.9	0.5	0.6
0.85	0.9	0.6	0.7
0.85	0.9	0.7	0.8
0.85    0.9	0.8    	1.0 
0.85	0.9	1.0	1.5 
0.85	0.9	1.5	30.0
0.9	0.94	0.0	0.4
0.9	0.94	0.4	0.5
0.9	0.94	0.5	0.6
0.9	0.94	0.6	0.7
0.9	0.94	0.7	0.8
0.9	0.94	0.8	1.25 
0.9	0.94	1.25	2.0 
0.9	0.94	2.0	30.0
0.94	0.98	0.0	0.4
0.94	0.98	0.4	0.5
0.94	0.98	0.5	0.6
0.94	0.98	0.6	0.7
0.94	0.98	0.7	0.8
0.94	0.98	0.8	1.0 
0.94	0.98	1.0	1.25
0.94	0.98	1.25	1.5
0.94	0.98	1.5	2.0
0.94	0.98	2.0	3.0
0.94    0.98    3.0     30.0
0.98    1.0	0.0	0.5
0.98	1.0	0.5	0.6
0.98	1.0	0.6	0.7
0.98	1.0	0.7	0.8
0.98	1.0	0.8	1.25
0.98	1.0	1.25	2.0 
0.98	1.0	2.0	3.0
0.98	1.0	3.0	5.0
0.98	1.0	5.0	30.0

